3.500000 64.200000 31.000000 2.000000 
11.640000 0.600000 2.000000 9.400000 
15.000000 9.000000 2.600000 9.000000 
1.600000 6.400000 2.200000 14.000000 
76.440000
1.000000 
1.000000
1.000000 0.000000 0.000000 0.000000 
0.000000 0.000000 1.000000 0.000000 
0.000000 0.000000 0.000000 0.000000 
1.000000 0.000000 0.000000 0.000000 
-0.000000
1.000000 0.000000 0.000000 0.000000 0.000000 
0.000000 1.000000 0.000000 0.000000 0.000000 
0.000000 0.000000 1.000000 0.000000 0.000000 
0.000000 0.000000 0.000000 1.000000 0.000000 
0.000000 0.000000 0.000000 0.000000 1.000000 
1.000000
